"","农林牧渔矿","工业","能源","建筑","批发零售","交通运输","住宿和餐饮","电子信息","金融","房地产","服务及其他","中间投入总值"
"133",85482.687747725,775775.516628855,47771.7427629482,139279.329324048,38316.8124880792,32376.8487451414,19397.8671475944,11534.180170341,14722.404212005,6899.53916718684,103614.0938333,1275171.02150023
"134",83849.1087476358,763219.062164259,46890.623060369,137233.504021385,37541.1289883565,31914.003347889,19249.5414576206,11458.7335193144,14538.1725955769,6794.12847407019,102549.84591692,1255237.85169319
"135",82957.3347650938,756944.049122843,46560.2251179653,136395.156366481,37190.4766923107,31667.3925865162,19162.8567245515,11408.2469219137,14462.8387043309,6759.25956481563,102024.07148154,1245531.90746814
"136",92285.4888800003,843822.765230202,52378.3136636269,152156.669554217,41403.7994571438,35374.1553990042,21422.0117810777,12772.6865809827,16142.6242140626,7565.92655167921,113928.729922947,1389253.16992667
"137",91818.1047138559,841244.134578551,52375.8156023439,151969.106592005,41297.5481685661,35251.0699648131,21371.2702742321,12735.5318455705,16124.410799751,7569.91294260392,113694.088659369,1385450.9927878
"138",91426.7604863595,839329.692282044,52425.843018374,151864.330815626,41230.9851331258,35149.5290279144,21327.7017706851,12700.9832191451,16112.7845682121,7578.786847549,113501.445417348,1382648.84117713
"139",96371.2620217857,886068.636716503,55654.6909500015,160379.540412351,43526.7759945353,37120.0873637267,22523.9433655458,13416.0104313842,17015.2684094845,8022.51949081916,119833.751936167,1459932.48624903
"140",96099.6489618516,885101.263606557,55757.4251150657,160352.621472109,43510.1702463506,37051.0392413018,22492.9884375604,13387.1192757236,17009.219639968,8034.90644346653,119696.368074118,1458492.76960984
"141",95889.5053609222,884568.36669617,55874.6213028865,160353.937987926,43514.6095900518,36998.2024106352,22468.8530563663,13361.8339612473,17005.2130026032,8047.88171410279,119586.339655812,1457669.36377491
"142",103622.141663911,956382.509217121,60701.5152915138,173188.506606172,47026.6775011499,40031.9561725125,24294.3292014279,14456.2849814595,18363.5981330138,8707.05599789038,129207.464732412,1575982.0417807
"143",103541.617750178,956687.349385272,60832.3774816862,173242.528628285,47069.8787284225,40012.7866540351,24284.8450441241,14439.5859342656,18363.8213491426,8720.10920684853,129156.796817421,1576351.69921084
"144",103526.398309623,957381.20056586,60963.298232588,173321.312659509,47130.3755523289,40010.3817157818,24282.8281594749,14427.6182433662,18366.2571334817,8732.77970066726,129137.047165367,1577279.49962496
