"","农林牧渔矿","工业","能源","建筑","批发零售","交通运输","住宿和餐饮","电子信息","金融","房地产","服务及其他","中间投入总值"
"145",84635.5798759706,839867.190095236,50785.6474477025,153307.746879555,42882.9051310336,35211.5755588406,22289.665661484,13435.8363015596,17165.4436881612,7559.8835340426,118835.981482833,1385977.44928364
"146",84078.9492770672,834659.99169938,50431.8011980166,152607.227993259,42521.6349737817,34967.1725673498,22153.6259891825,13385.6234474732,17072.4285061863,7538.37376444228,118163.944589544,1377580.76744939
"147",83698.0390334645,831543.352112172,50265.0580552172,152266.911122466,42362.3638708898,34801.529174125,22064.2877313947,13327.8848792346,17021.4574924534,7534.68276610841,117685.813423555,1372571.37305145
"148",92796.4108910243,919667.53047419,55800.7344100044,168187.180410766,46780.7119751076,38496.0821173996,24374.7576744532,14723.0364331865,18758.3469224946,8339.13040648086,129870.07431036,1517793.99278551
"149",92639.0662295506,918466.534360728,55756.9862380542,168095.826722902,46763.9523903184,38404.7015984078,24322.4197010298,14669.4868469556,18733.251541881,8345.86517308211,129549.306333671,1515747.39392904
"150",92573.160970378,917866.484418806,55733.3168127493,168057.52944092,46777.1277177402,38338.2140396741,24280.553284106,14622.179569376,18712.5917821266,8353.84882899214,129277.01687668,1514592.02058389
"151",97128.3986238156,961459.933961007,58444.5616815546,175862.518023719,48985.3604699384,40144.3350556406,25400.135369476,15286.7370545935,19553.1904810696,8750.4981081136,135141.867420956,1586157.53883561
"152",97226.5263656318,961843.696973232,58438.1434903879,175898.197154812,49036.4855351314,40121.6292018608,25376.3543712482,15255.4971949756,19538.4527338524,8759.05299193328,134960.809941865,1586454.84861607
"153",97396.2821784225,962642.184979669,58435.2755277125,175964.046162833,49100.9769784237,40118.8270091913,25361.1112854155,15233.2227995432,19526.4235178403,8767.50590861622,134825.80215692,1587371.66125253
"154",106824.637036075,1052340.72477766,63956.299597798,191875.737810953,53582.6627087545,43884.8511303774,27689.8071889289,16647.8223442979,21256.6934744335,9562.68226821784,147085.63388709,1734707.5548086
"155",107110.468423726,1053804.77916819,63955.8952089609,191991.180034638,53665.2563377894,43916.9374048717,27690.4312488867,16643.8062825692,21250.0172727308,9570.52356937794,147040.952736744,1736640.25037992
"156",107438.480639322,1055509.69164418,63955.3807729512,192125.152059434,53752.5577953405,43963.3737864963,27698.0624506844,16648.5649174114,21245.8694304635,9577.88370027976,147038.41115388,1738953.43115794
