"","农林牧渔矿","工业","能源","建筑","批发零售","交通运输","住宿和餐饮","电子信息","金融","房地产","服务及其他","中间投入总值"
"145",84433.5677434484,834392.160957097,50741.1896259822,152594.706610475,42259.4498377035,35016.4610298683,22051.225973028,13488.6844906052,17035.6214600154,7575.63451350032,118146.13929658,1377734.8361038
"146",83549.7540274431,825935.730271525,50327.5643082028,151482.258163884,41762.5170833561,34649.16851192,21851.8643412452,13353.9044050297,16891.9503487893,7532.70279779466,117019.029815794,1364356.43868992
"147",82991.4709861613,821538.429751773,50264.1513459999,150939.105699576,41528.2057460338,34433.1479541979,21730.1214047472,13265.0918107684,16813.4062547563,7522.40156759885,116349.207422414,1357374.73455251
"148",91983.8656160427,909190.72488634,55959.3746665354,166734.567836798,45895.6715400955,38107.0815501966,24020.8819977052,14649.7476649026,18531.021641781,8325.24756723431,128443.549524242,1501841.73244056
"149",91763.6927251858,907907.956907761,56091.8957560124,166551.748248104,45841.5233644253,38009.6269837562,23955.4856780019,14593.4705203275,18490.100657956,8331.80172710398,128076.106170467,1499613.40665863
"150",91667.6314762216,907459.970408645,56245.4235042754,166439.813166283,45827.8442572865,37946.1113100059,23905.288887122,14546.1587160694,18455.5262297486,8339.63055758237,127779.023126903,1498612.41953397
"151",96221.0317647505,951374.576314767,59127.2785118765,174183.175144312,48018.8453294335,39762.1067835021,25020.6829785993,15211.404518796,19283.6601540558,8735.53905697092,133632.918419588,1570571.22253202
"152",96343.2611824119,952215.124510511,59280.3071319177,174166.651758188,48061.8537218093,39755.1506021738,24996.6651821198,15180.7019399238,19257.7875348688,8742.45403846026,133451.456558007,1571451.41770664
"153",96561.1924364729,953582.966398632,59422.297477257,174188.291874805,48126.824585347,39773.2865282924,24985.0293075673,15158.4524086738,19235.9412984135,8748.19007553861,133325.02038332,1573107.4963222
"154",106059.942596065,1043943.75882414,65070.7620604558,190062.858819562,52616.986403556,43564.8308054029,27321.0558114229,16572.4143578226,20957.7373105499,9539.47628866291,145601.468424112,1721311.29500135
"155",106436.381432874,1046144.47066805,65178.0070955059,190147.682951216,52715.3843887907,43626.4115547106,27332.5721626388,16567.0541719578,20943.9718026771,9542.22146938593,145580.788449362,1724214.9494719
"156",106873.005699634,1048642.53429118,65263.4250848347,190257.23370262,52825.1025182568,43705.6866795968,27354.4490355604,16569.7816224657,20934.1699929218,9543.30304567056,145609.112840788,1727577.80787526
