"","农林牧渔矿","工业","能源","建筑","批发零售","交通运输","住宿和餐饮","电子信息","金融","房地产","服务及其他","中间投入总值"
"121",67869.3810731786,627625.4241447,39288.4283453906,112564.330229075,31969.1644434779,26275.5835867496,16447.1732361744,8901.09010918046,11884.0206725029,5666.37163853138,82829.4478687296,1031320.41917457
"122",67856.9765632268,625902.043166064,38773.9266186657,112042.671926552,31551.3210999488,26328.578686369,16487.104476154,9098.59609077624,11878.125509216,5620.22901165181,83302.0001473005,1028841.57674259
"123",67839.1915436481,624298.952693014,38370.4409382778,111828.278800274,31350.7180226669,26332.2860727542,16502.3954823558,9178.09966202674,11879.0901533242,5594.84388629526,83480.6071448896,1026654.90781457
"124",75240.2614044944,691965.706291537,42906.4677854296,124203.141686834,34572.6397687989,29362.7971297232,18395.4579408404,10320.5672590659,13217.7523797029,6220.91083173622,93121.113007798,1139526.81216721
"125",75083.0808505907,689757.199000065,42599.9746984344,124118.557550331,34456.009267859,29308.0641196252,18381.4719632613,10329.1065609843,13218.6859859538,6209.89408865205,93087.6114830454,1136549.65236604
"126",74848.3072883074,687219.237298922,42330.688155502,124035.212981466,34336.8827008293,29232.5419195862,18356.7990385374,10325.620283659,13217.8331706255,6202.49716997318,93004.4513271457,1133110.0682431
"127",78721.4538214874,723249.026336586,44827.1207758219,130920.016186772,36084.5472205125,30848.940029776,19381.0756691306,10935.1872457116,13961.6090681544,6556.89196222616,98245.278993373,1193731.15703783
"128",78357.7008053848,720266.827995156,44637.3486320364,130824.796056311,35954.2451521765,30742.8578647777,19339.9392470074,10918.0143075315,13957.0358687028,6555.56035212694,98095.9616070239,1189650.29768768
"129",77948.0243743313,717194.915212811,44490.2857850153,130726.305101194,35822.4254953112,30626.8714103169,19292.9954236144,10896.186666391,13950.8841592652,6557.05663507857,97924.0967387543,1185430.0568493
"130",85932.1299215501,792436.235964906,49886.5190404761,144692.744421499,39470.4916838236,33951.1253589891,21375.5473771159,12122.7988204784,15448.994645041,7284.57056065055,108547.492682972,1311148.65898966
"131",85472.8854372891,789453.581134652,49826.2362371223,144598.530238188,39347.4126387702,33826.243089003,21322.0614527402,12094.4674058085,15440.5604488465,7291.25851768866,108348.867625723,1307022.11274222
"132",85010.2116915831,786640.009628432,49807.7474326637,144511.819833437,39234.3090159251,33702.2521815473,21267.849245772,12064.2206651673,15431.4647008513,7300.20043455027,108145.847385391,1303115.9407174
