"","农林牧渔矿","工业","能源","建筑","批发零售","交通运输","住宿和餐饮","电子信息","金融","房地产","服务及其他","中间投入总值"
"121",67904.2989467996,627863.725992131,39277.333296503,112758.738934732,32077.3727214068,26261.5542010728,16445.3985129617,8859.20739436892,11894.833326213,5678.51563462898,82762.6762136473,1031783.65917708
"122",67914.08725846,626284.275379825,38729.6913893872,112326.282586253,31697.342834512,26313.0458585267,16484.2886129582,9044.96336519681,11899.9844971259,5636.210089417,83215.5274086004,1029545.70288605
"123",67890.2734537943,624670.970487225,38288.3666359545,112173.995306393,31512.5012022028,26310.8408534172,16500.7448799862,9123.33985809176,11907.897164333,5615.29792076873,83406.8813010977,1027401.11265611
"124",75273.7754235266,692270.976938226,42790.6496165749,124597.426333162,34742.247478438,29333.5863272144,18395.294777444,10267.7177384047,13251.3147735442,6245.94690513791,93067.8158772019,1140236.74907987
"125",75094.3339718924,689977.67718798,42457.1835046851,124550.943232692,34629.5164697211,29270.6641529298,18382.5812214223,10279.075174498,13255.5062625576,6239.24784073634,93054.8853019592,1137191.6113622
"126",74835.9612134077,687354.603390513,42168.3074380554,124495.726976533,34511.4911646202,29187.3841619926,18358.8946832416,10278.820343691,13256.6836485871,6235.67831863434,92990.5171048557,1133674.0656278
"127",78686.2223777005,723308.89116677,44652.4073219567,131398.778828669,36257.8499807364,30797.011347127,19383.9533247522,10891.9824821037,14001.3874942014,6593.27826754133,98248.1921894246,1194219.9648106
"128",78301.7794173344,720267.2009245,44457.1204481747,131312.117233772,36124.0735413901,30685.5287914761,19343.516522865,10878.8135272213,13996.7204539463,6594.45169710395,98114.1094067141,1190075.44208584
"129",77874.7493181093,717156.020409849,44310.7532819096,131212.83750358,35986.8243721866,30565.7802138169,19297.3110219898,10861.4448291556,13989.5229632149,6597.70673572538,97956.2949955527,1185809.25582922
"130",85845.7001105987,792380.744034249,49713.1743428297,145169.602425969,39627.7060418652,33888.085578097,21380.7443094508,12092.9978938062,15485.7060568922,7326.20764744411,108592.958223675,1311503.63552381
"131",85378.0960334904,789404.990293856,49663.7775022862,145057.369651906,39495.863746321,33763.161178617,21328.3637012792,12070.095615937,15474.5364882189,7333.10099740914,108407.152102792,1307376.5161806
"132",84912.1888480469,786621.1286677,49660.0329294611,144944.888386368,39372.5612731172,33641.0506910401,21275.5356860685,12045.7537851982,15461.9742094643,7341.47034493086,108216.759291565,1303493.35296857
