"","农林牧渔矿","工业","能源","建筑","批发零售","交通运输","住宿和餐饮","电子信息","金融","房地产","服务及其他","中间投入总值"
"157",98350.3192347456,991420.743509406,62781.5923442169,172486.603331654,49631.7790731867,39764.2458484217,23856.2759580701,15933.2422857223,20717.3332919743,9130.73042027421,138448.392399006,1622521.25402861
"158",98161.020041471,989925.911228805,62747.3621983987,172321.486503079,49546.2652516614,39687.0360130623,23811.2212177112,15914.6980146085,20682.271632627,9130.79371991772,138201.498315823,1620129.56054472
"159",98045.8688133359,989003.23237307,62735.5676958873,172239.279483715,49505.211584662,39633.012940851,23779.6259507482,15897.1779824048,20657.6757334764,9133.6773502949,138015.914379476,1618646.24076992
"160",107672.254749898,1083649.32680624,68699.9369038065,188835.959181701,54206.5865822438,43494.0631468062,26132.8511380948,17420.2850645056,22569.0930732765,9996.93616390425,151176.852031975,1773854.14447842
"161",107634.615665263,1083250.39214352,68711.7214644861,188796.794111041,54194.5375022319,43463.9974163196,26113.1396269999,17406.0946552783,22549.4273694908,9999.60175821407,151039.155144096,1773159.47656456
"162",107623.793339628,1083007.85434854,68729.951744078,188760.741632976,54187.3477975765,43442.2903733127,26097.1882367263,17393.9729223499,22529.9163329968,10001.240831535,150915.027929915,1772689.32526795
"163",113635.225003081,1141821.67020489,72440.8577643069,199023.479697042,57104.6571239286,45841.5285351565,27555.5780595321,18336.2776137883,23705.6276232056,10533.7206720156,159041.496720512,1869040.12595374
"164",113668.227646918,1141812.51116524,72465.6292288772,198985.809450624,57101.6365993766,45834.0203897664,27546.2086264595,18328.6994107887,23685.7053853568,10532.9015841809,158941.288762988,1868902.64525636
"165",113718.820389013,1141889.4017152,72491.2284598066,198945.833068931,57099.1192369476,45832.6020578579,27539.8723227667,18323.4570004625,23665.5627613341,10530.801978408,158852.578194003,1868889.28425952
"166",124500.898456147,1247308.05618243,79105.8291765693,217301.734687957,62315.9793747163,50148.2468274887,30164.2191766559,20021.598364091,25780.7979064756,11477.9053926922,173492.830186436,2041618.0893999
"167",124577.091677904,1247496.17892829,79129.5005700483,217255.007978622,62311.9037157587,50156.7648208164,30163.3125599839,20020.8345129317,25760.3332449449,11473.2750861874,173425.701971193,2041769.89880246
"168",124660.889142727,1247708.4927388,79150.8816921848,217203.68852051,62305.7977499562,50168.9955250259,30164.7000415792,20022.0982451146,25739.7485830419,11467.4211817235,173368.15348764,2041960.86071046
