"","农林牧渔矿","工业","能源","建筑","批发零售","交通运输","住宿和餐饮","电子信息","金融","房地产","服务及其他","中间投入总值"
"145",84865.8207301356,841497.090898135,51256.3618228277,153466.841261132,42739.3563159107,35294.4539687069,22207.9931757051,13568.3890190195,17174.6613339037,7610.86096999732,118950.223184761,1388632.04668295
"146",84251.9298566592,836264.695161512,50915.0436730913,152811.056825483,42418.8774725285,35045.4221152291,22086.8768861547,13502.5916837694,17088.4537934887,7588.86964400662,118304.828136848,1380278.63903166
"147",83828.3983090467,833167.888044899,50798.2914448169,152504.895139014,42273.6354424195,34878.5559587043,22000.9924775047,13442.1568669785,17041.8897935462,7588.40477646938,117848.023660818,1375373.12563408
"148",92886.3828042082,921302.676788508,56397.5910614848,168449.229364903,46693.8675583125,38571.8278474374,24309.9625987004,14838.7746970098,18781.4853845759,8397.13109890012,130047.079403778,1520676.00569319
"149",92687.4736378144,920092.739564335,56421.3105083435,168373.713234664,46673.9281734499,38478.1450985998,24254.1435855795,14787.2158901536,18757.8686551273,8408.13945677187,129735.017038801,1518669.69195473
"150",92578.8846028821,919467.640278028,56464.3621631097,168344.610427039,46682.386159174,38408.2479443845,24208.2453507775,14740.9092481916,18737.7396735787,8419.93855830607,129466.087365529,1517519.04891977
"151",97091.7285420183,963027.450218899,59238.9192128312,176153.335754335,48886.2337641055,40210.0801266189,25324.0057271547,15404.8719777929,19578.0894466859,8819.72616109231,135329.730176129,1589064.17398113
"152",97149.6733529941,963377.542174895,59290.4894731535,176188.247822473,48934.3988127628,40182.5541364366,25297.0802479255,15371.2475784716,19562.4407092001,8830.62087326702,135143.70992937,1589328.00803455
"153",97283.5245631051,964150.925320075,59338.7120453657,176249.693926691,48998.067036668,40174.7966763052,25279.7016752824,15344.8084303852,19548.9405420696,8840.54201774798,135000.862390951,1590210.57760355
"154",106682.279866896,1053841.11396731,64902.5710963391,192154.206992441,53481.567398951,43936.1421864837,27607.5313279657,16753.5878720773,21277.2832441954,9636.27275244377,147250.932525182,1737523.49200813
"155",106946.68291481,1055321.022285,64935.5811603741,192260.573354738,53568.9726125553,43964.2327481765,27608.7701400969,16742.295195953,21268.3352765439,9643.73708019388,147195.588839575,1739455.79445141
"156",107263.053588777,1057072.40648673,64958.0972185923,192384.463361369,53664.3237111864,44007.7391129812,27618.6662311662,16738.5707523193,21261.6919144212,9649.79376677033,147182.543095675,1741801.35215372
