"","农林牧渔矿","工业","能源","建筑","批发零售","交通运输","住宿和餐饮","电子信息","金融","房地产","服务及其他","中间投入总值"
"145",84958.1408308105,842231.768147924,51303.0881845541,153626.016306542,42731.2399234756,35316.3725939461,22225.9418939559,13614.8636242158,17174.1280048141,7626.33882066381,119171.223118493,1389979.11547224
"146",84300.6142344237,836924.93339654,51046.2957862611,152924.91583689,42420.7314857817,35073.6498110058,22102.2114520326,13537.7338930423,17089.8298921562,7600.66754106176,118480.817514796,1381502.39466002
"147",83839.627451078,833651.463774479,50978.8742960063,152560.253196893,42262.1273186883,34906.3179070942,22012.4859949101,13473.6566092955,17039.4694963805,7596.53914204397,117993.8364473,1376314.64537981
"148",92863.0503203544,921563.673376398,56611.9122959491,168439.389309992,46659.2329545985,38596.1377216671,24316.9201395595,14869.4732756299,18772.8128830037,8401.49664377206,130167.111090048,1521261.20710622
"149",92631.666844999,920116.056618225,56662.7361768514,168296.050803233,46612.6842068082,38497.8959465666,24256.240871288,14817.9859873979,18742.0072369569,8408.6640790492,129830.176109312,1518872.16198275
"150",92492.428432064,919252.28217434,56730.0965247005,168198.396563267,46593.8480075149,38423.1842429681,24205.3452479626,14771.7771164386,18714.4351722899,8416.56537481485,129535.868240068,1517334.22421665
"151",96976.2810118469,962577.674409264,59527.585403415,175938.510914679,48770.9258214461,40220.288972977,25316.0462432236,15435.4639184348,19547.3873849386,8812.38387290472,135372.839764288,1588495.39054317
"152",97006.7682995505,962698.879098416,59600.9943345732,175904.91511619,48793.3700420004,40188.2309180607,25284.0232140911,15400.9781735111,19524.5225444115,8819.21232997521,135158.319682685,1588380.21661092
"153",97114.6388355562,963248.819422365,59669.714743764,175898.027891833,48832.6234054523,40176.1473544477,25261.5182813486,15372.9710004672,19504.0617530881,8824.9489082887,134984.792253416,1588888.26674519
"154",106488.922063995,1052720.85215932,65252.238259865,191734.569687072,53293.189590819,43933.3507806995,27584.2068903305,16779.4083351043,21225.7568008409,9616.36975732791,147201.837853782,1735830.70485655
"155",106730.487768249,1053988.23152604,65301.4834287149,191773.716653738,53359.3109273494,43957.4586419208,27580.3175402858,16764.9721773934,21210.5339016564,9619.41025708513,147111.155561363,1737397.08111091
"156",107025.86886367,1055533.7494019,65337.1814030053,191831.75138984,53435.2203230027,43997.1270147766,27585.1421455496,16757.3100504871,21198.056747666,9620.95985222789,147060.681606425,1739383.05158123
