"","农林牧渔矿","工业","能源","建筑","批发零售","交通运输","住宿和餐饮","电子信息","金融","房地产","服务及其他","中间投入总值"
"121",67997.6497211558,627935.250486133,39067.1311785449,112829.37776842,32142.4687220206,26235.7858872292,16456.8942943601,8828.95567649103,11883.0574798021,5675.2315884969,82693.4785779194,1031745.28540463
"122",68000.6901335908,626717.32447569,38712.3449128029,112439.562808505,31779.2153972825,26317.6948214741,16487.9060057387,9021.37261058015,11904.6767215102,5641.24088046245,83169.7030397857,1030191.73557733
"123",67984.7169374035,625130.528759006,38266.903203437,112276.3455956,31586.3062509589,26320.6461769396,16505.6611799416,9106.11305218143,11913.4831565949,5619.42828303441,83376.6184806728,1028086.75482992
"124",75376.3276468116,692593.490661934,42689.6784908176,124668.722972318,34798.7263828436,29336.7868266389,18404.279655889,10255.1352788316,13251.4690488793,6245.7590070078,93044.8223287201,1140665.19529557
"125",75198.9458813833,690070.303380106,42251.6544728517,124582.683617606,34664.2973696829,29261.4221331763,18395.8415851397,10269.6420370321,13247.7126467532,6233.60613576349,93032.5178340335,1137208.62416078
"126",74934.1555044004,687158.46364766,41854.913029791,124483.851031862,34521.9561256748,29162.6221146124,18375.6205195409,10271.436896631,13240.0641168196,6224.39895130217,92963.6598555421,1133191.138919
"127",78769.0631629002,722786.152128928,44237.92713956,131341.416126845,36242.350214663,30755.1090408492,19402.960099456,10885.8285150768,13975.8308889519,6576.61795980148,98212.8718930636,1193186.13705554
"128",78360.9409987211,719396.772450969,43953.4797048745,131208.91957221,36081.8027846653,30625.7945021565,19363.5302753591,10873.2372691742,13962.5266022558,6572.90200807135,98067.248856875,1188467.16491878
"129",77903.1436013416,715932.128245455,43732.7313900458,131064.778405794,35917.8318281172,30488.2355459326,19317.1092972261,10855.9005368927,13947.2496902107,6571.90100193559,97895.6078596151,1183626.62727895
"130",85837.8649213285,790812.222240384,49077.1554481536,144978.883395986,39532.9044492796,33793.3694892128,21399.235643271,12087.0202398648,15436.0948313892,7296.86900407834,108516.923321831,1308768.55146143
"131",85330.4315372877,787514.503444745,48986.91362874,144827.325283793,39377.0008793501,33652.4718773224,21344.6374368627,12063.2943979132,15418.4675635311,7301.0053628312,108315.016973199,1304131.07680373
"132",84823.0796543541,784444.058259216,48959.5801622571,144679.863509282,39232.1540070121,33516.0921822058,21288.8941545446,12037.8175557117,15400.432135748,7307.41525711412,108108.542939504,1299797.93816161
