"","农林牧渔矿","工业","能源","建筑","批发零售","交通运输","住宿和餐饮","电子信息","金融","房地产","服务及其他","中间投入总值"
"121",65093.6509628575,616012.684246939,40145.7596413612,110519.467858128,31231.9407887336,25373.2541988032,15961.8292994387,8813.12164188197,11486.1627759902,5755.65124219752,80854.3080604321,1011247.83672522
"122",63638.3305441057,607408.692196783,40424.8038943433,109706.908306275,30642.6908507033,25083.6550230915,15822.9782943003,8804.45105538894,11431.1211792881,5739.16129304571,80507.8727198731,999210.671116171
"123",62408.6932717191,599941.10923308,40647.3224496596,109153.054962736,30184.588681027,24828.0645371638,15708.9539791885,8777.09666885301,11389.3498755139,5733.24066439911,80184.2415904729,988955.721462673
"124",68889.4820372413,663416.224009185,45758.0367015376,121239.695563919,33159.4154782863,27692.8284294677,17515.6627603771,9875.70824185408,12698.8740962326,6374.93201328608,89559.3907292033,1096180.24854539
"125",68140.0063204433,658999.468862404,46008.0521255614,120954.262448008,32848.4498478312,27570.498463565,17456.4110587071,9888.13826861696,12686.290540388,6377.34899875692,89464.654634977,1090393.57976719
"126",67654.3099068229,656318.549013981,46276.6911180502,120767.609257364,32606.8327187489,27523.6607305605,17425.9648487146,9927.17317918992,12687.0363748395,6381.2001939528,89501.6468649348,1087070.67209138
"127",71609.4424986962,694180.402492844,49279.4092787962,127643.970663213,34310.4553911741,29257.3056056818,18481.1551038533,10610.1342275702,13445.6665740787,6744.14728255907,95019.6772720445,1150581.77668485
"128",71632.7410572744,694781.564883957,49547.7978670615,127624.763665792,34212.8279812908,29344.6238868616,18503.2993042974,10689.5899862197,13466.6016727203,6748.0785244156,95276.2531676115,1151828.15199783
"129",71871.5829451259,696721.904848131,49795.1913499395,127671.224581926,34182.4513446626,29482.4540999022,18546.3612523882,10780.0479760385,13493.6588130981,6751.04682643961,95607.4013573239,1154903.33514383
"130",80710.6626295929,778017.382081867,55509.6477633689,141832.856166543,37988.1661132501,33103.2692875702,20739.0746269794,12127.3680291786,15029.6588924742,7475.90897674005,106797.966949892,1289331.96971187
"131",81251.0406580627,781712.239519749,55682.9254512105,141963.88214964,38063.2677804574,33299.4118272861,20808.8671375459,12221.6011393042,15060.9296149135,7475.68878032161,107198.274830807,1294738.13695501
"132",81868.5404347839,785779.979851462,55809.4103114786,142112.298695236,38171.5597880472,33503.1993658755,20883.9938376619,12310.1452152149,15090.8106623939,7473.54146781524,107595.880130868,1300599.36776547
