"","农林牧渔矿","工业","能源","建筑","批发零售","交通运输","住宿和餐饮","电子信息","金融","房地产","服务及其他","中间投入总值"
"157",97110.5769911031,974463.793298471,60177.9512336547,171497.52104769,48977.3208248917,39169.8653883718,23751.4241150993,15653.52213467,20403.0427633315,9000.54877210614,136514.449851943,1596720.01206385
"158",96599.4650792754,969041.056931489,59809.7932632685,170827.535848405,48698.8375965214,38954.6090315423,23645.2114410786,15557.236047348,20293.5218189248,8963.19997823217,135703.576082278,1588094.03887061
"159",96335.7283881471,966294.246775933,59665.5570623244,170476.79326276,48566.2250029159,38836.382150676,23583.5307047549,15499.3569970856,20228.7142073433,8946.01391394719,135223.688854315,1583656.2331521
"160",105893.115059517,1059986.27073495,65566.9620416518,186906.017777644,53218.8111473399,42664.0502464661,25920.191843811,16997.169550373,22113.7743435574,9796.04627600448,148200.391296193,1737262.79929996
"161",105829.849060275,1059032.93634962,65535.2313881847,186749.682137987,53178.7013694311,42615.1304860007,25890.9035609983,16964.2920251463,22074.0617701725,9788.35668499459,147928.742157407,1735587.88604001
"162",105821.54324458,1058448.52543345,65510.372801728,186626.845832061,53155.4689250126,42582.6760173292,25869.8292898149,16936.8627979203,22037.9891314354,9780.97579261486,147698.161610274,1734469.24999443
"163",111856.02848631,1117051.01893605,69171.4054547798,196824.603179653,56064.8971298798,44976.4802055644,27326.4512924959,17865.977862136,23199.5293177216,10305.1535072283,155736.56592537,1830378.11757422
"164",111927.783121176,1116918.51050851,69136.8947243272,196739.364210968,56060.0869244788,44967.385725264,27318.0733755239,17846.8000244454,23167.3669444885,10296.4894309217,155562.610687814,1829941.37202881
"165",112029.024832891,1116932.74250714,69093.0436212585,196666.461389635,56060.4890607037,44967.2510052901,27315.0621525076,17831.290242217,23136.6910516474,10286.8894829064,155412.255454968,1829731.20722905
"166",122870.295208734,1222328.74595978,75628.1022285202,215002.01111209,61283.8973739531,49286.2607863069,29944.6966051336,19520.3358514846,25242.965526869,11226.7947492423,170001.446465696,2002335.54490068
"167",123011.141108077,1222517.10314669,75562.6561752618,214945.815769034,61289.088366909,49299.525367549,29950.6873681352,19511.5211171054,25215.0152647926,11215.2656110311,169892.601559539,2002410.41396953
"168",123162.207407875,1222737.98787484,75486.1410947171,214894.480635497,61294.1854129223,49317.2447864437,29960.2392773156,19505.6642260465,25188.3396320007,11202.8356943848,169801.578018448,2002550.89726049
