"","农林牧渔矿","工业","能源","建筑","批发零售","交通运输","住宿和餐饮","电子信息","金融","房地产","服务及其他","中间投入总值"
"157",97903.366334569,987627.250121883,61806.9297812334,172209.731304399,49533.3807965783,39664.0841783806,23932.2689476916,15871.0743491808,20637.2539194926,9053.33066685189,138075.281795894,1616313.94711278
"158",97794.011798494,986344.510264793,61645.9708389257,172121.491776668,49507.0221644914,39595.3011596222,23898.2707254261,15835.8273897929,20616.884587274,9051.69579335425,137820.919190212,1614231.90069764
"159",97746.2823498089,985602.905600888,61520.5223155411,172105.54019975,49510.7473166154,39547.4009939407,23874.7178714632,15808.5735028079,20604.1707047067,9053.96924597697,137634.480161814,1613009.3053687
"160",107426.921071676,1080347.4475524,67370.3133358713,188759.973879022,54247.9638702616,43411.0918376332,26233.9827730934,17324.2518717408,22525.6930937625,9916.8386141328,150792.105925465,1768356.58211045
"161",107430.099684142,1079947.15434291,67261.9058789021,188771.43486282,54265.3327166258,43379.7584815201,26218.7100886894,17303.0015835058,22514.8477761528,9919.05238316844,150645.159454488,1767656.45563852
"162",107446.404819537,1079598.01740124,67153.2320041303,188779.426774416,54282.2583453425,43352.678556502,26205.6965488684,17283.3379586576,22503.0735998098,9920.09689849655,150504.235053633,1767028.45644728
"163",113471.116365177,1138199.394362,70730.8147736806,199079.726952513,57218.8997829806,45742.3420673648,27665.4960210065,18217.2128200895,23685.5003688268,10451.83075224,158605.43905452,1863067.77899674
"164",113503.61247606,1137874.2382218,70616.6768836895,199073.104134905,57230.730587034,45721.0418083384,27655.9451489707,18200.1070136602,23671.2774173483,10450.1328435648,158470.922884318,1862467.79519832
"165",113540.262763933,1137536.19504492,70498.8187045252,199057.68159264,57238.8461741357,45701.6821137681,27647.7831513301,18184.1293993563,23655.8073143621,10447.0523607108,158338.542202317,1861846.80670326
"166",124295.624679065,1242447.71883327,76966.5200562408,217431.807276007,62462.4178292713,49995.3913079622,30268.6378451489,19870.2811541504,25774.6813714712,11393.1101828308,172925.684722239,2033831.86776668
"167",124333.291265035,1242045.16365954,76840.9634659515,217397.312469374,62461.4890447883,49978.2197183228,30262.5901230799,19856.2749317774,25756.8273721649,11387.4107508511,172796.167311411,2033115.7027238
"168",124367.984597468,1241593.55367408,76711.8775891061,217352.742652405,62455.3837776524,49961.3262874008,30257.2470379476,19843.0871140962,25737.8456695269,11380.507299778,172667.339107518,2032328.88752036
