"","农林牧渔矿","工业","能源","建筑","批发零售","交通运输","住宿和餐饮","电子信息","金融","房地产","服务及其他","中间投入总值"
"133",87602.1566942054,791861.668043242,48487.4918835632,142317.185545392,39276.0195626297,32869.2396897955,19598.6926331379,11608.9852448932,14952.0748139493,7029.36984175738,105091.337838278,1300694.2192375
"134",86409.3111566608,783913.719712812,48241.3737865134,141106.16117627,38656.1608170354,32571.0148124234,19466.717232206,11644.5447605174,14836.5760106238,6994.17019619452,104561.769045657,1288401.51621541
"135",85524.8040496694,778478.013930016,48208.9201864928,140472.85952032,38308.3416761742,32350.5434388827,19368.815427325,11625.7858572114,14774.5309073401,6983.2319803438,104153.426357586,1280249.27081934
"136",94697.775159677,864806.79965543,54203.0242424056,156198.969759627,42473.1660137358,36031.7201796926,21607.0642670242,12988.5677159383,16446.667038988,7796.00550804995,116011.320771706,1423261.0770419
"137",94015.0861236181,861177.277257536,54331.4323972962,155875.084606397,42301.8505242405,35864.1240610671,21532.46492484,12935.490522422,16412.2269386348,7798.69828378673,115662.751834243,1417906.48413564
"138",93390.6321602894,858062.982768929,54493.8822485927,155585.797557027,42166.261438831,35712.4669137221,21465.0153095484,12879.1606505311,16380.4988230942,7802.78927967681,115328.901418444,1413268.38516109
"139",98105.050045454,903611.483769375,57825.2309592418,163891.408776219,44394.4803164292,37633.5422878173,22638.9613427772,13570.6287257655,17261.1057852762,8239.83077544927,121511.638485065,1488683.35842375
"140",97619.1217051194,901549.097441767,58022.7172436667,163642.941742469,44314.8172569435,37519.2034842926,22588.3991596326,13518.6906968636,17232.6306538154,8244.37626881347,121227.36912331,1485479.36187858
"141",97219.5836952422,900072.306012407,58226.9340121286,163420.460324098,44262.8843186846,37427.6717991952,22548.1878865723,13472.3658220852,17206.5660204637,8248.82963020007,120980.950948159,1483086.73753173
"142",104794.717405697,971133.053272523,63132.5172727185,176037.248757604,47726.9368429403,40431.0792542897,24361.7652722446,14548.8674927,18544.0422482448,8899.16803998797,130482.322999607,1600091.71919954
"143",104593.750143681,970902.480307113,63333.0872459383,175886.837429076,47731.728348226,40391.1675397209,24345.0163000288,14518.1211895197,18525.1888180566,8903.3940627121,130333.477918901,1599464.24963762
"144",104498.581160563,971295.80417395,63524.2479999408,175780.945368103,47764.246010715,40378.4244670228,24340.6334993043,14496.5974256043,18510.9652767884,8907.54049611099,130240.962887337,1599738.94911164
