"","农林牧渔矿","工业","能源","建筑","批发零售","交通运输","住宿和餐饮","电子信息","金融","房地产","服务及其他","中间投入总值"
"133",88195.0422037519,796372.514798572,48802.4189989051,143332.346692538,39828.3754067949,32990.6762024943,19668.1438631595,11457.9975805653,15038.1662244569,7057.64330286264,105175.274104934,1307918.59678681
"134",87358.8077569378,791568.879090033,48892.3526607063,142802.637793394,39720.610357125,32744.0772266847,19577.1199352232,11285.1329046037,14975.5413408924,7030.35231506959,104487.378442505,1300442.8873671
"135",86787.9948663159,788176.774905325,48914.9030354991,142543.670165514,39678.8277626887,32566.5601658574,19519.923793575,11153.8055794412,14940.1526109122,7015.96186690886,104007.246624069,1295305.81898496
"136",96266.4971437121,876066.135444629,54822.0969634543,158509.870579754,44057.2303440902,36288.4612375025,21800.3972467975,12448.5834135916,16627.5989160657,7819.61672643553,115839.25180046,1440545.7367626
"137",95888.2395461401,873728.123876141,54780.3726853352,158358.815308248,44051.0270701135,36160.436162299,21769.345236124,12350.8759213941,16602.9025251533,7809.89179307229,115491.361345482,1436991.38845181
"138",95563.1856649115,871687.834719183,54715.3912775374,158199.357729408,44047.6876970796,36046.2001614435,21745.8082776795,12264.5216714643,16577.4649362213,7799.3247915443,115174.518800547,1433821.29275111
"139",100563.722689862,918080.717042005,57774.9424087548,166598.9556234,46379.5183722376,38000.7686004821,22962.7831813921,12936.8487850111,17461.552146782,8220.02433375691,121384.095971268,1510363.9268566
"140",100340.86999784,916598.392801746,57664.371254302,166409.151316899,46374.7346185763,37913.9709165566,22953.0254569701,12874.9033055463,17433.8125925693,8206.91712936821,121131.459607534,1507901.60676309
"141",100171.400293498,915397.82444312,57530.8713356859,166208.209762054,46367.4972903725,37842.0106005591,22950.0640401999,12826.6564012158,17405.5947774502,8192.7209092183,120916.972948919,1505809.82064313
"142",107934.158076429,986394.80668555,62075.4637566039,178807.124996564,49844.5202593366,40855.151405311,24796.0823970441,13908.4608450963,18737.8307666459,8823.71258065531,130446.322817558,1622623.63581691
"143",107869.94640478,985731.862838935,61898.3718737337,178597.451225354,49829.4796388097,40813.5151776503,24805.8373786541,13889.373816118,18710.4668893166,8808.19394565781,130317.457681114,1621271.95819766
"144",107853.618268677,985305.442670558,61702.0889993332,178389.622779113,49808.9945560035,40786.294283692,24821.0610536776,13884.9304227001,18684.3283695446,8792.49754037204,130233.168355688,1620262.04873269
