"","农林牧渔矿","工业","能源","建筑","批发零售","交通运输","住宿和餐饮","电子信息","金融","房地产","服务及其他","中间投入总值"
"133",87412.5724073264,791418.503987595,48801.5074232091,142034.871982614,39087.1089039166,32886.4467010213,19548.4581888528,11711.4143849208,14938.8813604531,7046.89386007411,105116.12168497,1300002.77878939
"134",86284.1893313113,783277.152732311,48308.4841657323,140878.325517339,38535.3474249722,32562.1897614175,19442.7461145487,11690.8283193945,14819.8671884653,6994.44664655475,104540.447096154,1287334.02197724
"135",85432.4564282051,777769.747473687,48161.2519552677,140266.895206171,38217.3874672842,32330.8729250555,19356.8601186439,11648.1462354753,14756.1061570173,6975.63222010564,104112.498538127,1279027.85225879
"136",94624.9183530035,864072.807105145,54093.8136263747,156000.154351089,42395.6199142125,36007.3574115118,21601.20680074,13000.6015097352,16427.1557192786,7784.34607544088,115961.756069424,1421969.73365452
"137",93957.311023717,860442.773547116,54182.496103242,155678.919593909,42231.4078053121,35837.847544108,21530.3532039699,12942.8960188288,16392.0454369659,7784.63452964308,115609.792196956,1416590.47362609
"138",93347.395791831,857346.170386932,54314.2336887783,155392.800787879,42101.1463126282,35685.6852394586,21465.8085216379,12884.2360544246,16360.0397909906,7787.10524238754,115275.47993952,1411960.09829347
"139",98077.1778405858,902925.735829502,57618.4024051062,163704.118396156,44334.7938619159,37606.9945474137,22642.4434743212,13574.1652741615,17240.7326370792,8222.92847124235,121459.53697372,1487407.02679917
"140",97607.6179753146,900902.655499586,57789.6746222151,163464.332157887,44261.3076450336,37493.2073990658,22594.595804438,13520.7781273683,17212.6426742286,8226.46278508117,121177.603349584,1484250.87506444
"141",97225.101930975,899467.944247244,57967.2793568803,163253.156055173,44216.3883709131,37402.2230058094,22557.2002231534,13472.7448777107,17187.1733688134,8229.99163096712,120933.910000898,1481913.11004282
"142",104817.359297612,970568.181281905,62845.0301627609,175883.166472083,47688.1363004199,40405.906742831,24373.6982634734,14547.0943836997,18525.3551774046,8879.40529073087,130437.843161693,1598971.1767748
"143",104633.028914432,970369.644847176,63016.0130854213,175747.054968276,47701.0542103603,40365.7796371707,24359.9482906544,14513.6541256286,18507.2178644813,8882.63868570402,130290.909116261,1598386.94396459
"144",104553.468017665,970783.462313306,63175.4895565242,175655.693262285,47741.8536885815,40352.1551835062,24358.6044431611,14488.8505631417,18493.6288158037,8885.67167104364,130199.243474446,1598688.12120265
