"","农林牧渔矿","工业","能源","建筑","批发零售","交通运输","住宿和餐饮","电子信息","金融","房地产","服务及其他","中间投入总值"
"121",67626.704795179,623658.989817665,38369.2109753322,111142.571711433,30534.3430203334,26358.2251810257,16357.1365739751,9790.09222695729,11780.7893893274,5722.65956599145,83919.5832941036,1025260.31109523
"122",67140.6952908316,619927.646640399,38235.8715807909,110506.382882368,29961.561485844,26368.6792274903,16321.78985851,10001.5407826653,11797.0437613302,5696.89812621144,84299.7757658432,1020257.88955481
"123",66637.2790789078,616020.581761127,38053.7201037891,110122.383249593,29581.6702080475,26300.9553320813,16272.5465361362,10097.1053929061,11801.9239265595,5685.74110673871,84397.8367562773,1014971.74744259
"124",73558.9830683749,681439.095284468,42777.4563251659,122328.666577347,32637.9917796929,29249.6878144014,18105.5099333449,11246.9380398951,13137.7839650546,6324.83626401721,93945.7130183394,1124752.6591504
"125",72943.4004148685,677215.540873138,42673.1013196007,122095.39509745,32382.4186392369,29113.2047384001,18034.6265406386,11252.5374443375,13134.0587634964,6327.10415076918,93806.6518564929,1118978.03683852
"126",72285.0658969752,673002.539228163,42636.2448156961,121890.670829306,32156.2894290664,28962.4004926035,17956.8916254114,11236.6405857729,13128.8717856308,6333.49214626418,93610.2815833484,1113199.38532503
"127",75782.5514745412,707769.119519189,45397.4704462561,128685.117765934,33831.53868873,30514.3888941405,18933.1794679795,11825.7337493245,13869.7048032918,6701.99519234465,98736.6600027966,1172047.46952542
"128",75102.6914472653,703983.909542693,45500.6338663318,128532.655131717,33664.6866451605,30357.9517186973,18850.4518207585,11781.5633322088,13864.1468198031,6714.77169005415,98477.8192552141,1166831.29066159
"129",74446.1282910364,700597.423917012,45667.3326917301,128410.925424504,33532.308654571,30207.9496712757,18769.4983233261,11727.8076283275,13859.2760054579,6730.00440429985,98206.8985090812,1162155.56277082
"130",82259.7979024379,776021.608007616,51389.2389847598,142387.846557741,37214.7822365556,33516.0309975292,20826.5565159434,12919.1914764897,15361.0757034715,7470.50375750557,108746.48330632,1288113.12318879
"131",81711.0616692234,773709.480381869,51656.8560399085,142336.36602453,37158.9043974611,33393.5794684536,20756.7207127413,12853.9752675332,15358.7549999226,7489.06037927178,108483.20639945,1284907.97333566
"132",81241.4321979055,772026.333824665,51958.6000485622,142322.020832296,37142.5378905319,33290.6579208916,20695.5953185568,12786.8059243986,15358.1043436897,7508.41706610887,108237.658053688,1282568.17087635
