"","农林牧渔矿","工业","能源","建筑","批发零售","交通运输","住宿和餐饮","电子信息","金融","房地产","服务及其他","中间投入总值"
"157",98120.3008393719,991800.203717249,63082.0365925608,172311.749962538,49741.2222979602,39751.0004057928,23889.6939612986,15864.916955244,20728.3852629451,9110.53409694556,138487.232913061,1622887.27323609
"158",98028.5492710492,991367.022582302,63104.0999182539,172270.81700131,49768.6804090932,39710.588658018,23876.2823235839,15829.1660452295,20716.7439364264,9110.87335665464,138346.238301363,1622129.05809908
"159",97993.5003408392,991157.605399321,63115.1229827259,172244.677034144,49804.5774428609,39682.8528899977,23866.9291061594,15796.3930843354,20705.2844801631,9110.26736397394,138216.128492775,1621693.3349849
"160",107697.579953653,1086339.74746658,69075.7869534568,188865.64583026,54564.5233549574,43565.8796585505,26238.1656622075,17306.0298086268,22624.7221840024,9967.9577466517,151408.27798906,1777654.31613456
"161",107738.958184944,1086358.26345884,69060.3725601847,188833.672276501,54599.35358172,43555.5611994342,26234.2431203187,17280.1128048468,22610.0956020833,9963.71893259384,151288.276717164,1777522.62804878
"162",107807.495632143,1086427.2265439,69029.585345119,188793.402563562,54629.5793057317,43551.7368507005,26232.5355850637,17257.9735283551,22593.5269330717,9957.47705523703,151172.571549785,1777453.11059166
"163",113895.730853348,1145441.16512236,72671.0235931368,199042.454909502,57575.3046886057,45966.6493319246,27703.7348037489,18191.8894669219,23770.4533296055,10481.3047936698,159299.630079668,1874039.34785296
"164",113999.402560504,1145509.17254862,72607.3456114651,198982.015109134,57591.5336970861,45971.9895932538,27705.6092893408,18177.410196658,23750.1778142498,10471.2070761052,159192.378052903,1873958.24852723
"165",114110.864367893,1145527.83587547,72527.2181071031,198909.951967823,57598.783228531,45979.9001308582,27708.7223486981,18166.5527326385,23728.188645549,10459.3234655566,159088.622370786,1873805.97031921
"166",124940.576462807,1250742.05523709,79020.7727294696,217224.016262348,62815.6731262341,50300.6826428667,30340.4651266036,19860.1105239508,25840.1288739932,11396.2493965281,173705.20881323,2046185.93290068
"167",125048.156658113,1250571.58579063,78910.2557116454,217125.267955177,62801.7905247161,50309.552312971,30344.6485879105,19855.4986071932,25814.9586546867,11381.1554436195,173605.085333018,2045767.94938797
"168",125144.632061439,1250266.70772031,78786.6443517677,217011.412827133,62776.1360298967,50316.8640871287,30348.5963209688,19853.3256201775,25788.2985415384,11364.6552012769,173504.509978295,2045161.77665019
