"","农林牧渔矿","工业","能源","建筑","批发零售","交通运输","住宿和餐饮","电子信息","金融","房地产","服务及其他","中间投入总值"
"133",85957.7330762433,779905.750590647,48058.4343280114,139981.642902642,38410.5231109008,32516.4472856283,19471.4636800061,11680.9934585162,14753.3853207867,6953.96555751976,104375.769168626,1282066.10776457
"134",84410.5672515529,768210.08081902,47306.3091035554,138033.488712667,37595.2725342509,32088.1733610626,19340.9750800148,11667.0806109146,14562.4565946771,6860.51504179758,103556.302546984,1263631.22103246
"135",83468.3660748623,761653.370719845,47064.6772606181,137071.061892131,37174.3304638673,31839.5311478521,19250.1390012272,11634.7146608935,14468.6672215827,6820.67289076722,103049.882306986,1253495.41299251
"136",92707.2423823451,847917.114119825,52961.0415523295,152640.185990125,41314.115947992,35533.974955621,21497.8365181836,12999.8772402945,16127.502044072,7616.57059245926,114892.369031146,1396207.82894905
"137",92144.5263171935,844657.797122341,53032.2424339078,152243.017017802,41138.4119654505,35396.8325098647,21433.7123567374,12956.2783949313,16088.6298282642,7607.84104301005,114567.043581248,1391266.33104834
"138",91663.000951557,842085.584789389,53151.0635252002,151929.077111451,41008.1988659761,35282.251962748,21376.8873529332,12912.2884135845,16057.4918307909,7603.43325344499,114275.518038585,1387344.79446609
"139",96526.5570320428,888219.979014482,56442.3016176264,160242.541764642,43246.4655415945,37241.6829947362,22560.8435299948,13616.7103338512,16941.9245143735,8033.87759067442,120509.267686932,1463582.15050679
"140",96184.8743133011,886712.326782026,56599.6585078641,160024.869628966,43178.4835110126,37163.7079098268,22518.9617613121,13576.9699640295,16919.4520908766,8033.25861675651,120277.840183804,1461190.40204637
"141",95916.1895783303,885707.449479627,56762.735677206,159848.803523586,43137.6337230368,37104.2089448136,22485.4499067453,13541.1390467611,16900.7663321023,8033.70813095039,120080.760080481,1459518.84309545
"142",103601.916903224,957118.592535633,61626.1876150159,172521.156559854,46610.3664152293,40133.5181597524,24303.1871895694,14625.7261981898,18246.29960935,8680.99801351228,129623.502835545,1577091.45391112
"143",103485.806465321,957087.852220389,61784.0581866734,172429.48098992,46619.962102929,40111.9955727463,24287.6172402961,14600.1282188645,18235.5445181661,8682.94709242315,129504.302738557,1576829.6971342
"144",103445.658086848,957510.141897492,61932.5297794351,172380.005261077,46652.2593096094,40109.1372139563,24281.1250238458,14580.4410911079,18228.8821344305,8685.41241011501,129426.654952764,1577232.24887138
