"","农林牧渔矿","工业","能源","建筑","批发零售","交通运输","住宿和餐饮","电子信息","金融","房地产","服务及其他","中间投入总值"
"145",84689.9023649157,848484.668748394,52686.9492798587,154578.200781657,43843.876714744,35496.7973105168,22433.5008108401,13236.7463625117,17359.653749223,7618.57942290793,119335.362236068,1399764.23172588
"146",84367.9887592838,846211.882420453,52613.787388519,154282.319329735,43809.424539778,35362.5930936439,22370.9828947539,13131.5200085851,17323.2209137408,7603.3213042754,118851.876704924,1395928.91126672
"147",84209.8463038732,844689.721880463,52455.7817666262,154103.3595101,43821.3654647088,35263.4743488929,22330.1277717689,13044.2059263562,17295.893983691,7591.91813946393,118463.435906509,1393269.1249388
"148",93522.7313143034,933737.728094706,57863.2138329992,170074.051578698,48334.5881428131,39003.934136271,24677.564683975,14424.33020992,19041.7611464667,8382.4004469295,130698.02913031,1539760.33008028
"149",93565.9099055103,933032.85795938,57612.7090485346,169974.136986255,48367.2954498248,38945.8537884292,24655.4723738481,14365.4615631406,19018.286448572,8372.20321414267,130410.093898446,1538320.27808088
"150",93677.6530323915,932574.437485745,57331.0507315984,169887.776439751,48396.0949645446,38902.046021011,24638.4197720668,14320.0923403194,18994.7341883238,8361.77484551389,130159.56557228,1537243.64293549
"151",98378.3033660158,975964.433326233,59747.8462693722,177611.822483605,50590.1938149448,40719.9163133559,25777.309694885,14992.2824956849,19828.9679371322,8739.28745830409,136035.229731621,1608385.59622225
"152",98581.0148701497,975789.442457794,59420.4204168107,177535.507260496,50598.9138273561,40696.9874439084,25766.7841029036,14973.0979842688,19804.7252755735,8728.43869193872,135851.679391768,1607747.01517262
"153",98807.351751397,975662.685168782,59078.0735094313,177458.68350875,50593.6225524439,40680.8913145301,25758.1067621978,14966.099714934,19780.1289514152,8717.55518300833,135697.69560739,1607200.89759958
"154",108238.909810983,1064065.284019,64248.5703055622,193197.342299023,54979.2590688258,44419.697718498,28086.1219872893,16398.0016657175,21494.7828738294,9493.7415434597,147918.855922791,1752540.57065914
"155",108471.215787604,1063868.79667504,63893.7110768474,193110.241230972,54941.1733615047,44410.1760397142,28078.424292421,16412.1298966483,21469.4715931712,9483.18875079742,147812.970334795,1751951.50261625
"156",108687.764239468,1063566.09862871,63541.6715055166,193013.774421289,54885.4138707344,44400.5980682632,28069.9006691898,16434.7288700192,21443.7510267968,9472.97822214969,147724.470770726,1751241.15400185
