"","农林牧渔矿","工业","能源","建筑","批发零售","交通运输","住宿和餐饮","电子信息","金融","房地产","服务及其他","中间投入总值"
"157",97816.8181491894,985086.483693913,61881.8063257327,171761.30582227,49410.0388730373,39559.9278283867,23816.1357863322,15781.048134183,20616.2516805059,9045.67992692654,137572.275658551,1612347.76763305
"158",97589.9429671189,982788.658772399,61617.105765802,171559.160399902,49322.9384748897,39453.7003261524,23773.7445971713,15734.5956227796,20571.7562065354,9034.36286454741,137200.103439619,1608646.06517271
"159",97488.0302036499,981585.558307577,61439.6972059744,171507.33095716,49300.7349095327,39387.3028115694,23747.889121191,15701.4623401999,20546.0358949572,9033.02654392532,136959.67757595,1606696.74163938
"160",107145.466903323,1076137.11556958,67261.1333153966,188159.968753419,54027.9622292842,43242.036605273,26108.0913029996,17214.0748684258,22459.4637661805,9894.76770589654,150093.347418204,1761743.42733776
"161",107143.029084489,1075693.11277657,67135.9922523054,188185.611261071,54043.4448324158,43207.3850749199,26095.8256565955,17191.5503866595,22442.9065493875,9896.84722540932,149938.639940284,1760974.34399789
"162",107165.599396292,1075398.35290664,67016.9103040466,188216.322287432,54063.2860458551,43180.9762130875,26087.4134072153,17172.0015409692,22426.788013618,9898.1335224442,149800.553322458,1760426.33597796
"163",113205.805265525,1134128.55524355,70587.9003672656,198544.798359033,57006.1890772511,45574.5526245161,27553.2085380569,18107.2274735269,23605.842652087,10430.227548719,157912.952115066,1856657.26543085
"164",113261.524642232,1133993.89295915,70469.662234915,198570.473277012,57026.9082661346,45560.004722858,27550.9462355952,18092.6501593791,23589.0749981812,10428.9008291719,157797.066709239,1856341.11126007
"165",113328.012654036,1133899.2764731,70349.4078963381,198590.80306451,57046.1027211175,45549.9516468044,27551.2885160968,18080.347448027,23571.8410095169,10426.1589811216,157690.308125193,1856083.50482123
"166",124118.799610918,1239099.74818662,76815.8973121824,217003.695562031,62282.6077162236,49855.2628256769,30181.7800531432,19771.2896955179,25689.7207923786,11372.5075426577,172309.747472345,2028501.04963831
"167",124196.434008397,1239024.55043592,76689.9528204876,217010.593575725,62296.1604971375,49851.7221588684,30186.4013897891,19763.1476245024,25671.6405064858,11367.0491708853,172218.872150648,2028276.51726449
"168",124274.551300257,1238931.57288008,76561.0567134373,217009.640678913,62305.7842733289,49850.2046646827,30192.6390708661,19756.8404245087,25653.1979253578,11360.3427446597,172134.63558482,2028030.45924221
